0.07138831131863844,0.9516310461192352,0.24611520793424013,0
0.06365002196128404,0.9516310461192352,0.19666459511926346,0
0.08082318055945664,0.9516310461192352,0.20099049864495172,0
0.09384914388693992,0.9516310461192352,0.19163137561425653,0
0.07167107463254908,0.9516310461192352,0.2037480058686724,0
0.0971763255472884,0.9516310461192352,0.19178513995758667,0
0.06143504266898407,0.9516310461192352,0.20565468372596626,0
0.07667598528876732,0.9516310461192352,0.18982720731918276,0
0.07057772315209461,0.9516310461192352,0.20756136158326013,0
0.06477164977312957,0.9516310461192352,0.19014498696206505,0
0.0727927024443946,0.9516310461192352,0.19106757302204597,0
0.07085106102220823,0.9516310461192352,0.19859177488900134,0
0.06557281249587638,0.9516310461192352,0.21605940429130654,0
0.08690259180853531,0.9516310461192352,0.19652108173215535,0
0.08499865216153703,0.9516310461192352,0.20247688729714317,0
0.062255056279324913,0.9516310461192352,0.19983214059186455,0
0.06778779178817636,0.9516310461192352,0.19435812996931118,0
0.07695874860267796,0.9516310461192352,0.19485017586796768,0
0.0769304722712869,0.9516310461192352,0.1970336295432558,0
0.06861723084231422,0.9516310461192352,0.1924514521120173,0
0.06002122609943089,0.9516310461192352,0.200293433621855,0
0.08083260600325368,0.9516310461192352,0.19076004433538565,0
0.06614776456749466,0.9516310461192352,0.1906165309482775,0
0.06864550717370527,0.9516310461192352,0.19065753477316555,0
0.06448888645921894,0.9516310461192352,0.19045251564872537,0
0.06114285391127642,0.9516310461192352,0.21586463612308832,0
0.08721363145383701,0.9516310461192352,0.2047423486222074,0
0.06199114385300832,0.9516310461192352,0.19410185606376096,0
0.07640264741865371,0.9516310461192352,0.19521921029196004,0
0.0642155485891053,0.9516310461192352,0.37797325781795577,0
0.07027610895058994,0.9516310461192352,0.19056527616716742,0
0.08192595748370812,0.9516310461192352,0.19415311084487097,0
0.06142561722518705,0.9516310461192352,0.21358892384180211,0
0.08304758529555364,0.9516310461192352,0.19026799843672915,0
0.06642110243760826,0.9516310461192352,0.18977595253807267,0
0.08109651842957026,0.9516310461192352,0.19055502521094544,0
0.0824914841115294,0.9516310461192352,0.22773524342817603,0
0.06196286752161726,0.9516310461192352,0.1909650634598258,0
0.06753330480565678,0.9516310461192352,0.191118827803156,0
0.06059617817104919,0.9516310461192352,0.19673635181281754,0
0.0802765048192294,0.9516310461192352,0.18963243915096453,0
0.0714165876500295,0.9516310461192352,0.19055502521094544,0
0.062236205391730866,0.9516310461192352,0.199237585130988,0
0.08472531429142342,0.9516310461192352,0.19018599078695306,0
0.06085066515356875,0.9516310461192352,0.19105732206582393,0
0.06586500125358404,0.9516310461192352,0.1944503885753093,0
0.07057772315209461,0.9516310461192352,0.189078887514976,0
0.06198171840921129,0.9516310461192352,0.19217467629402302,0
0.061416191781390024,0.9516310461192352,0.20201559426715274,0
0.06004007698702493,0.9516310461192352,0.19097531441604784,0
0.0650449876432432,0.9516310461192352,0.1924309501995733,0
0.05947455035920367,0.9516310461192352,0.19176463804514263,0
0.06279230657575513,0.9516310461192352,0.19054477425472344,0
0.07139773676243547,0.9516310461192352,0.19294349801067381,0
0.0811153693171643,0.9516310461192352,0.20677203795416538,0
0.06028513852574749,0.9516310461192352,0.2305542563892288,0
0.06142561722518705,0.9516310461192352,0.19422486753842508,0
0.0727927024443946,0.9516310461192352,0.19209266864424693,0
0.0694560953402491,0.9516310461192352,0.19529096698551407,0
0.0630939207772598,0.9516310461192352,0.19561899758461843,0
0.06307506988966574,0.9516310461192352,0.19793571369079271,0
0.06613833912369764,0.9516310461192352,0.191118827803156,0
0.06833446752840358,0.9516310461192352,0.195147453598406,0
0.07057772315209461,0.9516310461192352,0.19084205198516174,0
0.06169895509530067,0.9516310461192352,0.2013697840251661,0
0.08195423381509918,0.9516310461192352,0.19140585457737228,0
0.07250993913048395,0.9516310461192352,0.18978620349429468,0
0.08136985629968387,0.9516310461192352,0.200252429796967,0
0.08472531429142342,0.9516310461192352,0.19807922707790085,0
0.06222677994793386,0.9516310461192352,0.20248713825336517,0
0.0688811432686308,0.9516310461192352,0.19103682015337992,0
0.06196286752161726,0.9516310461192352,0.2007137228269574,0
0.08776973263786125,0.9516310461192352,0.19636731738882515,0
0.06943724445265505,0.9516310461192352,0.21033937071942493,0
0.06058675272725216,0.9516310461192352,0.19097531441604784,0
0.06252839414943853,0.9516310461192352,0.19114958067182206,0
0.07112439889232185,0.9516310461192352,0.19126234119026414,0
0.06751445391806273,0.9516310461192352,0.18984770923162672,0
0.07140716220623249,0.9516310461192352,0.18967344297585262,0
0.0642061231453083,0.9516310461192352,0.2036659982188963,0
0.06003065154322791,0.9516310461192352,0.19043201373628132,0
0.06392335983139766,0.9516310461192352,0.21006259490143062,0
0.07195383794645971,0.9516310461192352,0.19927858895587602,0
0.06364059651748703,0.9516310461192352,0.19024749652428513,0
0.06917333202633845,0.9516310461192352,0.19048326851739134,0
0.0730566148707112,0.9516310461192352,0.19277948271112166,0
0.06835331841599762,0.9516310461192352,0.23441886688492658,0
0.06336725864737343,0.9516310461192352,0.21270734160670923,0
0.06446061012782787,0.9516310461192352,0.1905037704298354,0
0.06557281249587638,0.9516310461192352,0.22796076446506025,0
0.065855575809787,0.9516310461192352,0.20144154071872014,0
0.06281115746334917,0.9516310461192352,0.1936713159024365,0
0.07498883084910053,0.9516310461192352,0.1945323962250854,0
0.06556338705207934,0.9516310461192352,0.19411210701998294,0
0.06889056871242782,0.9516310461192352,0.19504494403618589,0
0.08276482198164299,0.9516310461192352,0.19877629210099756,0
0.06029456396954451,0.9516310461192352,0.20292792937091159,0
0.060011800655633864,0.9516310461192352,0.19384558215821066,0
0.05974788822931727,0.9516310461192352,0.23266595337096285,0
0.06252839414943853,0.9516310461192352,0.23284021962673704,0
0.06058675272725216,0.9516310461192352,0.21146697590384603,0
0.07944706576509154,0.9516310461192352,0.1916416265704785,0
0.06889056871242782,0.9516310461192352,0.1999654030227507,0
0.07054944682070355,0.9516310461192352,0.19661334033815342,0
0.08083260600325368,0.9516310461192352,0.19069853859805358,0
0.06196286752161726,0.9516310461192352,0.21466527424511314,0
0.07168050007634609,0.9516310461192352,0.19857127297655733,0
0.08886308411831571,0.9516310461192352,0.20581869902551844,0
0.06112400302368237,0.9516310461192352,0.18986821114407076,0
0.07054944682070355,0.9516310461192352,0.20557267607619018,0
0.07887211369347324,0.9516310461192352,0.21263558491315515,0
0.06501671131185212,0.9516310461192352,0.19115983162804404,0
0.07167107463254908,0.9516310461192352,0.18961193723852052,0
0.07583712079083242,0.9516310461192352,0.1998628934605306,0
0.05974788822931727,0.9516310461192352,0.191108576846934,0
0.06142561722518705,0.9516310461192352,0.18974519966940667,0
0.06364059651748703,0.9516310461192352,0.1909650634598258,0
0.0647433734417385,0.9516310461192352,0.19055502521094544,0
0.06529947462576276,0.9516310461192352,0.19109832589071196,0
0.06613833912369764,0.9516310461192352,0.19125209023404216,0
0.06640225155001424,0.9516310461192352,0.19275898079867762,0
0.07140716220623249,0.9516310461192352,0.20031393553429902,0
0.06392335983139766,0.9516310461192352,0.2080841603505827,0
0.06114285391127642,0.9516310461192352,0.18935566333297027,0
0.07196326339025673,0.9516310461192352,0.19140585457737228,0
0.05973846278552026,0.9516310461192352,0.18973494871318464,0
0.07861762671095368,0.9516310461192352,0.18931465950808224,0
0.05973846278552026,0.9516310461192352,0.19758718117924434,0
0.06807055510208698,0.9516310461192352,0.19732065631747212,0
0.05972903734172324,0.9516310461192352,0.1926462202802355,0
0.061416191781390024,0.9516310461192352,0.18952992958874443,0
0.07195383794645971,0.9516310461192352,0.2154135940493199,0
0.05945569947160963,0.9516310461192352,0.18921214994586213,0
0.06446061012782787,0.9516310461192352,0.19165187752670054,0
0.05972903734172324,0.9516310461192352,0.21637718393418884,0
0.06280173201955214,0.9516310461192352,0.1922156801189111,0
0.06280173201955214,0.9516310461192352,0.19539347654773423,0
0.0611334284674794,0.9516310461192352,0.1892018989896401,0
0.0672411160479491,0.9516310461192352,0.198212489508787,0
0.07277385155680055,0.9516310461192352,0.19898131122543775,0
0.07027610895058994,0.9516310461192352,0.19260521645534745,0
0.06003065154322791,0.9516310461192352,0.1905037704298354,0
0.06418727225771426,0.9516310461192352,0.22114387857742354,0
0.0633578332035764,0.9516310461192352,0.20725383289659988,0
0.07111497344852483,0.9516310461192352,0.18960168628229848,0
0.061416191781390024,0.9516310461192352,0.1977614474350185,0
0.0611334284674794,0.9516310461192352,0.18987846210029277,0
0.08579981488428383,0.9516310461192352,0.19123158832159812,0
0.06501671131185212,0.9516310461192352,0.1940711031950949,0
0.0611334284674794,0.9516310461192352,0.1951064497735179,0
0.06475279888553552,0.9516310461192352,0.20112376107583782,0
0.06334840775977937,0.9516310461192352,0.1966748460754855,0
0.08885365867451869,0.9516310461192352,0.19057552712338946,0
0.07887211369347324,0.9516310461192352,0.1901962417431751,0
0.06391393438760064,0.9516310461192352,0.20741784819615203,0
0.06529947462576276,0.9516310461192352,0.198253493333675,0
0.07054944682070355,0.9516310461192352,0.18957093341363246,0
0.061689529651503636,0.9516310461192352,0.19839700672078317,0
0.0672411160479491,0.9516310461192352,0.19616229826438494,0
0.07194441250266269,0.9516310461192352,0.19554724089106437,0
0.07808037641452348,0.9516310461192352,0.19424536945086907,0
0.06861723084231422,0.9516310461192352,0.20095974577628567,0
0.07138831131863844,0.9516310461192352,0.1967055989441515,0
0.06861723084231422,0.9516310461192352,0.19299475279178385,0
0.06222677994793386,0.9516310461192352,0.1946759096121935,0
0.06390450894380362,0.9516310461192352,0.1947579172619696,0
0.05972903734172324,0.9516310461192352,0.19261546741156949,0
0.08164319416979748,0.9516310461192352,0.18986821114407076,0
0.0672316906041521,0.9516310461192352,0.21029836689453685,0
0.06751445391806273,0.9516310461192352,0.18954018054496646,0
0.07914545156358688,0.9516310461192352,0.19388658598309874,0
0.060011800655633864,0.9516310461192352,0.19159037178936847,0
0.07194441250266269,0.9516310461192352,0.19533197081040216,0
0.06114285391127642,0.9516310461192352,0.1893864162016363,0
0.06196286752161726,0.9516310461192352,0.1936815668586585,0
0.061680104207706615,0.9516310461192352,0.18964269010718657,0
0.06362174562989299,0.9516310461192352,0.19169288135158855,0
0.08662925393842169,0.9516310461192352,0.1919594062133608,0
0.05972903734172324,0.9516310461192352,0.19518845742329397,0
0.06112400302368237,0.9516310461192352,0.1930665094853379,0
0.06282058290714618,0.9516310461192352,0.19959636859875832,0
0.06222677994793386,0.9516310461192352,0.1960187848772768,0
0.06196286752161726,0.9516310461192352,0.2182428579665947,0
0.06418727225771426,0.9516310461192352,0.19289224322956375,0
0.0857903894404868,0.9516310461192352,0.1922361820313551,0
0.07194441250266269,0.9516310461192352,0.19159037178936847,0
0.07998431606152176,0.9516310461192352,0.19210291960046896,0
0.0811153693171643,0.9516310461192352,0.19301525470422787,0
0.061680104207706615,0.9516310461192352,0.19462465483108346,0
0.06279230657575513,0.9516310461192352,0.18941716907030234,0
0.06614776456749466,0.9516310461192352,0.18964269010718657,0
0.06418727225771426,0.9516310461192352,0.19589577340261272,0
0.06390450894380362,0.9516310461192352,0.1903295041740612,0
0.06501671131185212,0.9516310461192352,0.193107513310226,0
0.06196286752161726,0.9516310461192352,0.20248713825336517,0
0.07194441250266269,0.9516310461192352,0.2063004939679529,0
0.06946552078404611,0.9516310461192352,0.1899809716625129,0
0.07832543795324604,0.9516310461192352,0.19055502521094544,0
0.08635591606830807,0.9516310461192352,0.19031925321783918,0
0.060011800655633864,0.9516310461192352,0.19381482928954466,0
0.06668501486392486,0.9516310461192352,0.19539347654773423,0
0.062236205391730866,0.9516310461192352,0.18956068245741048,0
0.060313414857138536,1.0573678290213724,0.19098556537226988,1
0.06670386575151892,1.0573678290213724,0.1930665094853379,1
0.0697294332103627,1.0573678290213724,0.20309194467046376,1
0.06670386575151892,1.0573678290213724,0.22911912251814742,1
0.06307506988966574,1.0573678290213724,0.1939993465015408,1
0.06282058290714618,1.0573678290213724,0.19163137561425653,1
0.06501671131185212,1.0573678290213724,0.1967055989441515,1
0.07219889948518225,1.0573678290213724,0.19263596932401347,1
0.06059617817104919,1.0573678290213724,0.22379887623892417,1
0.08084203144705067,1.0573678290213724,0.20689504942882952,1
0.059483975803000674,1.0573678290213724,0.2440752676460601,1
0.06863608172990825,1.0573678290213724,0.1954242294164002,1
0.0630939207772598,1.0573678290213724,0.19235919350601924,1
0.062236205391730866,1.0573678290213724,0.20835068521235497,1
0.06196286752161726,1.0573678290213724,0.19724889962391803,1
0.06864550717370527,1.0573678290213724,0.19273847888623358,1
0.060313414857138536,1.0573678290213724,0.19650057981971128,1
0.0727927024443946,1.0573678290213724,0.19840725767700515,1
0.06028513852574749,1.0573678290213724,0.2014722935873862,1
0.07026668350679292,1.0573678290213724,0.2018618299238226,1
0.07086048646600525,1.0573678290213724,0.2080021527008066,1
0.06944666989645208,1.0573678290213724,0.20828917947502287,1
0.0644700355716249,1.0573678290213724,0.2018823318362666,1
0.06142561722518705,1.0573678290213724,0.19526021411684807,1
0.06392335983139766,1.0573678290213724,0.21015485350742874,1
0.06753330480565678,1.0573678290213724,0.19093431059115984,1
0.06198171840921129,1.0573678290213724,0.20575719328818642,1
0.062236205391730866,1.0573678290213724,0.18937616524541429,1
0.05945569947160963,1.0573678290213724,0.19517820646707204,1
0.061152279355073426,1.0573678290213724,0.1939583426766528,1
0.0650449876432432,1.0573678290213724,0.24353196696629356,1
0.06943724445265505,1.0573678290213724,0.19446063953153128,1
0.06476222432933255,1.0573678290213724,0.23749415375152966,1
0.061406766337593004,1.0573678290213724,0.19235919350601924,1
0.06112400302368237,1.0573678290213724,0.19366106494621452,1
0.06833446752840358,1.0573678290213724,0.18973494871318464,1
0.06170838053909768,1.0573678290213724,0.19322027382866805,1
0.060860090597365774,1.0573678290213724,0.2029996860644657,1
0.07057772315209461,1.0573678290213724,0.19189790047602878,1
0.06253781959323554,1.0573678290213724,0.19317927000378005,1
0.07914545156358688,1.0573678290213724,0.2172177623443937,1
0.06028513852574749,1.0573678290213724,0.1970336295432558,1
0.06086951604116281,1.0573678290213724,0.19266672219267952,1
0.06143504266898407,1.0573678290213724,0.1927077260175676,1
0.07415939179496267,1.0573678290213724,0.209406533703222,1
0.07722266102899455,1.0573678290213724,0.19531146889795814,1
0.061416191781390024,1.0573678290213724,0.3061755604389972,1
0.06670386575151892,1.0573678290213724,0.19720789579902998,1
0.06778779178817636,1.0573678290213724,0.19103682015337992,1
0.07362214149853247,1.0573678290213724,0.18954018054496646,1
0.07553550658932776,1.0573678290213724,0.19494243447396578,1
0.06028513852574749,1.0573678290213724,0.2256132954902199,1
0.07779761310061284,1.0573678290213724,0.20282541980869154,1
0.061680104207706615,1.0573678290213724,0.19642882312615723,1
0.06337668409117043,1.0573678290213724,0.20842244190590903,1
0.07195383794645971,1.0573678290213724,0.19084205198516174,1
0.06253781959323554,1.0573678290213724,0.20802265461325062,1
0.06056790183965812,1.0573678290213724,0.19023724556806312,1
0.06864550717370527,1.0573678290213724,0.1970131276308118,1
0.06087894148495982,1.0573678290213724,0.19359955920888242,1
0.06362174562989299,1.0573678290213724,0.21114919626096373,1
0.07390490481244309,1.0573678290213724,0.19349704964666234,1
0.0647433734417385,1.0573678290213724,0.2848228186285502,1
0.060313414857138536,1.0573678290213724,0.20179007323026849,1
0.06861723084231422,1.0573678290213724,0.2128816078624834,1
0.07640264741865371,1.0573678290213724,0.21069815418719526,1
0.06334840775977937,1.0573678290213724,0.22767373769084395,1
0.07001219652427335,1.0573678290213724,0.19731040536125008,1
0.06142561722518705,1.0573678290213724,0.19331253243466615,1
0.07361271605473543,1.0573678290213724,0.19848926532678124,1
0.06475279888553552,1.0573678290213724,0.20536765695175002,1
0.06308449533346278,1.0573678290213724,0.20611597675595675,1
0.06003065154322791,1.0573678290213724,0.18950942767630044,1
0.05947455035920367,1.0573678290213724,0.1975461773543563,1
0.06670386575151892,1.0573678290213724,0.2122562995329408,1
0.06029456396954451,1.0573678290213724,0.20106225533850577,1
0.07001219652427335,1.0573678290213724,0.19342529295310829,1
0.06198171840921129,1.0573678290213724,0.1902167436556191,1
0.07084163557841121,1.0573678290213724,0.19551648802239832,1
0.06392335983139766,1.0573678290213724,0.1908728048538278,1
0.06086951604116281,1.0573678290213724,0.19654158364459937,1
0.06003065154322791,1.0573678290213724,0.19722839771147402,1
0.0672411160479491,1.0573678290213724,0.19053452329850143,1
0.07998431606152176,1.0573678290213724,0.1991350755687679,1
0.06250954326184448,1.0573678290213724,0.1948604268241897,1
0.06169895509530067,1.0573678290213724,0.1934662967779963,1
0.06584615036598998,1.0573678290213724,0.19588552244639068,1
0.06334840775977937,1.0573678290213724,0.2585598687877603,1
0.07001219652427335,1.0573678290213724,0.190114234093399,1
0.06198171840921129,1.0573678290213724,0.2019233356611546,1
0.06222677994793386,1.0573678290213724,0.20021142597207897,1
0.06114285391127642,1.0573678290213724,0.20040619414029714,1
0.06971058232276867,1.0573678290213724,0.20119551776939187,1
0.061406766337593004,1.0573678290213724,0.1959777810523888,1
0.06197229296541428,1.0573678290213724,0.19124183927782012,1
0.06222677994793386,1.0573678290213724,0.19324077574111212,1
0.06114285391127642,1.0573678290213724,0.1937533235522126,1
0.06250954326184448,1.0573678290213724,0.19916582843743394,1
0.06112400302368237,1.0573678290213724,0.2281145288083904,1
0.0611334284674794,1.0573678290213724,0.20359424152534225,1
0.060011800655633864,1.0573678290213724,0.2003549393591871,1
0.0758182699032384,1.0573678290213724,0.1923386915935752,1
0.06806112965828998,1.0573678290213724,0.19123158832159812,1
0.05946512491540665,1.0573678290213724,0.19747442066080226,1
0.06915448113874442,1.0573678290213724,0.20173881844915842,1
0.06778779178817636,1.0573678290213724,0.259256933810857,1
0.0841409367760081,1.0573678290213724,0.21120045104207377,1
0.06971058232276867,1.0573678290213724,0.19184664569491872,1
0.08442370008991873,1.0573678290213724,0.20787914122614254,1
0.06557281249587638,1.0573678290213724,0.1936200611213265,1
0.07387662848105203,1.0573678290213724,0.2021078528731508,1
0.07639322197485668,1.0573678290213724,0.2031329484953518,1
0.06028513852574749,1.0573678290213724,0.19166212848292252,1
0.05974788822931727,1.0573678290213724,0.19802797229679078,1
0.06114285391127642,1.0573678290213724,0.19216442533780104,1
0.0644700355716249,1.0573678290213724,0.1892634047269722,1
0.05974788822931727,1.0573678290213724,0.193107513310226,1
0.06281115746334917,1.0573678290213724,0.20525489643330788,1
0.05947455035920367,1.0573678290213724,0.20939628274699995,1
0.06446061012782787,1.0573678290213724,0.2031329484953518,1
0.060011800655633864,1.0573678290213724,0.19033975513028323,1
0.07219889948518225,1.0573678290213724,0.21752529103105397,1
0.06279230657575513,1.0573678290213724,0.1899809716625129,1
0.062236205391730866,1.0573678290213724,0.20426055367977292,1
0.06391393438760064,1.0573678290213724,0.19589577340261272,1
0.08497037583014597,1.0573678290213724,0.21554685648020605,1
0.0647433734417385,1.0573678290213724,0.19822274046500896,1
0.07498883084910053,1.0573678290213724,0.19956561573009232,1
0.0611334284674794,1.0573678290213724,0.20805340748191664,1
0.0688811432686308,1.0573678290213724,0.1952499631606261,1
0.06501671131185212,1.0573678290213724,0.1894786748076344,1
0.07195383794645971,1.0573678290213724,0.19627505878282708,1
0.062236205391730866,1.0573678290213724,0.19370206877110255,1
0.06502613675564914,1.0573678290213724,0.21009334777009667,1
0.06281115746334917,1.0573678290213724,0.19561899758461843,1
0.06668501486392486,1.0573678290213724,0.19208241768802495,1
0.06475279888553552,1.0573678290213724,0.19166212848292252,1
0.06250954326184448,1.0573678290213724,0.20006791258497078,1
0.06946552078404611,1.0573678290213724,0.19798696847190275,1
0.061152279355073426,1.0573678290213724,0.19373282163976857,1
0.061680104207706615,1.0573678290213724,0.1947784191744136,1
0.06640225155001424,1.0573678290213724,0.20547016651397013,1
0.06056790183965812,1.0573678290213724,0.19340479104066427,1
0.06279230657575513,1.0573678290213724,0.2201085319990005,1
0.06584615036598998,1.0573678290213724,0.25107667074569295,1
0.0611334284674794,1.0573678290213724,0.19767943978524244,1
0.061680104207706615,1.0573678290213724,0.19841750863322719,1
0.07388605392484907,1.0573678290213724,0.19379432737710064,1
0.0724816627990929,1.0573678290213724,0.18971444680074062,1
0.05972903734172324,1.0573678290213724,0.1949936892550758,1
0.06502613675564914,1.0573678290213724,0.2258695693957702,1
0.061406766337593004,1.0573678290213724,0.19053452329850143,1
0.06391393438760064,1.0573678290213724,0.22372711954537006,1
0.06002122609943089,1.0573678290213724,0.19176463804514263,1
0.06196286752161726,1.0573678290213724,0.19576251097172656,1
0.07474376931037797,1.0573678290213724,0.2109339261803015,1
0.059483975803000674,1.0573678290213724,0.19734115822991613,1
0.0650449876432432,1.0573678290213724,0.19458365100619543,1
0.06915448113874442,1.0573678290213724,0.19298450183556182,1
0.05945569947160963,1.0573678290213724,0.2000781635411928,1
0.06197229296541428,1.0573678290213724,0.19696187284970174,1
0.06279230657575513,1.0573678290213724,0.18974519966940667,1
0.06253781959323554,1.0573678290213724,0.20031393553429902,1
0.060011800655633864,1.0573678290213724,0.24782711762331577,1
0.06419669770151129,1.0573678290213724,0.21373243722891025,1
0.05945569947160963,1.1631046119235096,0.19927858895587602,2
0.06889056871242782,1.1631046119235096,0.19737191109858215,2
0.06087894148495982,1.1631046119235096,0.19351755155910633,2
0.06780664267577038,1.1631046119235096,0.19179539091380868,2
0.06252839414943853,1.1631046119235096,0.1938763350268767,2
0.062255056279324913,1.1631046119235096,0.1961007925270529,2
0.05973846278552026,1.1631046119235096,0.20429130654843894,2
0.062236205391730866,1.1631046119235096,0.21571087177975817,2
0.06501671131185212,1.1631046119235096,0.20720257811548984,2
0.05946512491540665,1.1631046119235096,0.2312615723685475,2
0.060011800655633864,1.1631046119235096,0.1990428169627698,2
0.06002122609943089,1.1631046119235096,0.19653133268837733,2
0.06307506988966574,1.1631046119235096,0.19465540769974948,2
0.06642110243760826,1.1631046119235096,0.21008309681387463,2
0.07167107463254908,1.1631046119235096,0.1991350755687679,2
0.06972000776656569,1.1631046119235096,0.2324506832903007,2
0.06915448113874442,1.1631046119235096,0.1915083641395924,2
0.07086048646600525,1.1631046119235096,0.20322520710134992,2
0.06336725864737343,1.1631046119235096,0.20958079995899614,2
0.062255056279324913,1.1631046119235096,0.1966953479879295,2
0.0697294332103627,1.1631046119235096,0.20588020476285054,2
0.06003065154322791,1.1631046119235096,0.21863239430303108,2
0.062236205391730866,1.1631046119235096,0.19531146889795814,2
0.06196286752161726,1.1631046119235096,0.19888905261943962,2
0.0630939207772598,1.1631046119235096,0.2115592345098441,2
0.06059617817104919,1.1631046119235096,0.1988275468821076,2
0.06307506988966574,1.1631046119235096,0.20030368457807704,2
0.06250954326184448,1.1631046119235096,0.21959598418790002,2
0.05973846278552026,1.1631046119235096,0.20793039600725255,2
0.06477164977312957,1.1631046119235096,0.19040126086761525,2
0.06251896870564151,1.1631046119235096,0.20443481993554713,2
0.06391393438760064,1.1631046119235096,0.20162605793071633,2
0.0642155485891053,1.1631046119235096,0.20850444955568512,2
0.06250954326184448,1.1631046119235096,0.20457833332265524,2
0.06307506988966574,1.1631046119235096,0.19714639006169793,2
0.06250954326184448,1.1631046119235096,0.19136485075248424,2
0.07001219652427335,1.1631046119235096,0.20093924386384165,2
0.06253781959323554,1.1631046119235096,0.20957054900277416,2
0.06059617817104919,1.1631046119235096,0.20960130187144016,2
0.06532775095715382,1.1631046119235096,0.19209266864424693,2
0.06307506988966574,1.1631046119235096,0.22438318074357874,2
0.06198171840921129,1.1631046119235096,0.20692580229749552,2
0.06282058290714618,1.1631046119235096,0.20230262104136898,2
0.07194441250266269,1.1631046119235096,0.19611104348327493,2
0.06306564444586873,1.1631046119235096,0.2201290339114445,2
0.06751445391806273,1.1631046119235096,0.2037480058686724,2
0.06476222432933255,1.1631046119235096,0.19227718585624315,2
0.05972903734172324,1.1631046119235096,0.21945247080079192,2
0.07085106102220823,1.1631046119235096,0.20390177021200256,2
0.06889056871242782,1.1631046119235096,0.19308701139778192,2
0.06306564444586873,1.1631046119235096,0.2742848356323238,2
0.06279230657575513,1.1631046119235096,0.19660308938193138,2
0.06222677994793386,1.1631046119235096,0.21564936604242613,2
0.061406766337593004,1.1631046119235096,0.1963775683450472,2
0.0642061231453083,1.1631046119235096,0.20745885202104009,2
0.05974788822931727,1.1631046119235096,0.21278934925648532,2
0.06306564444586873,1.1631046119235096,0.2651102298136248,2
0.05945569947160963,1.1631046119235096,0.19921708321854395,2
0.06501671131185212,1.1631046119235096,0.20901699736678558,2
0.07029495983818398,1.1631046119235096,0.1929639999231178,2
0.06475279888553552,1.1631046119235096,0.1922361820313551,2
0.06196286752161726,1.1631046119235096,0.21657195210240707,2
0.05945569947160963,1.1631046119235096,0.19881729592588557,2
0.06584615036598998,1.1631046119235096,0.206372250661507,2
0.07111497344852483,1.1631046119235096,0.19636731738882515,2
0.06475279888553552,1.1631046119235096,0.19562924854084046,2
0.05972903734172324,1.1631046119235096,0.20997033629543255,2
0.05947455035920367,1.1631046119235096,0.19799721942812476,2
0.06501671131185212,1.1631046119235096,0.19478867013063558,2
0.06058675272725216,1.1631046119235096,0.19889930357566166,2
0.06029456396954451,1.1631046119235096,0.21200002562739054,2
0.0666944403077219,1.1631046119235096,0.20870946868012533,2
0.07027610895058994,1.1631046119235096,0.21914494211413155,2
0.06029456396954451,1.1631046119235096,0.2078073845325884,2
0.06028513852574749,1.1631046119235096,0.20529590025819597,2
0.061680104207706615,1.1631046119235096,0.22582856557088216,2
0.06250954326184448,1.1631046119235096,0.1915801208331465,2
0.06222677994793386,1.1631046119235096,0.1983355009834511,2
0.06222677994793386,1.1631046119235096,0.21553660552398402,2
0.061680104207706615,1.1631046119235096,0.20114426298828186,2
0.06307506988966574,1.1631046119235096,0.19739241301102617,2
0.06029456396954451,1.1631046119235096,0.20062146422095933,2
0.06502613675564914,1.1631046119235096,0.217566294855942,2
0.06114285391127642,1.1631046119235096,0.2079816507883626,2
0.06086951604116281,1.1631046119235096,0.2159876475977525,2
0.06056790183965812,1.1631046119235096,0.21153873259740008,2
0.06861723084231422,1.1631046119235096,0.20144154071872014,2
0.06056790183965812,1.1631046119235096,0.19927858895587602,2
0.05946512491540665,1.1631046119235096,0.20317395232023985,2
0.06169895509530067,1.1631046119235096,0.21376319009757627,2
0.0642061231453083,1.1631046119235096,0.202292370085147,2
0.0611334284674794,1.1631046119235096,0.19251295784934938,2
0.06944666989645208,1.1631046119235096,0.19433762805686716,2
0.060011800655633864,1.1631046119235096,0.2034199752695681,2
0.07138831131863844,1.1631046119235096,0.20027293170941102,2
0.06529947462576276,1.1631046119235096,0.18984770923162672,2
0.061689529651503636,1.1631046119235096,0.2230813093033834,2
0.06004007698702493,1.1631046119235096,0.2015030464560522,2
0.05973846278552026,1.1631046119235096,0.22889360148126314,2
0.061689529651503636,1.1631046119235096,0.2829468936399223,2
0.06418727225771426,1.1631046119235096,0.26436191000941806,2
0.06583672492219296,1.1631046119235096,0.19578301288417058,2
0.07693989771508392,1.1631046119235096,0.2017798222740465,2
0.060011800655633864,1.1631046119235096,0.2130558741182576,2
0.07026668350679292,1.1631046119235096,0.20697705707860561,2
0.06943724445265505,1.1631046119235096,0.2867397474420661,2
0.05945569947160963,1.1631046119235096,0.2200265243492244,2
0.06197229296541428,1.1631046119235096,0.19869428445122148,2
0.06943724445265505,1.1631046119235096,0.19725915058014007,2
0.06833446752840358,1.1631046119235096,0.21434749460223088,2
0.08136985629968387,1.1631046119235096,0.2145832665953371,2
0.06197229296541428,1.1631046119235096,0.20650551309239315,2
0.06222677994793386,1.1631046119235096,0.20028318266563302,2
0.060860090597365774,1.1631046119235096,0.19906331887521383,2
0.06501671131185212,1.1631046119235096,0.19165187752670054,2
0.08721363145383701,0.8458942632170978,0.1891916480334181,3
0.08776973263786125,0.8458942632170978,0.1910265691971579,3
0.059483975803000674,0.8458942632170978,0.18921214994586213,3
0.0824914841115294,0.8458942632170978,0.19241044828712928,3
0.0880524959517719,0.8458942632170978,0.18954018054496646,3
0.08553590245796723,0.8458942632170978,0.18924290281452819,3
0.07474376931037797,0.8458942632170978,0.19381482928954466,3
0.09526296045649309,0.8458942632170978,0.19101631824093593,3
0.09276521785028248,0.8458942632170978,0.20443481993554713,3
0.0761293095485401,0.8458942632170978,0.19621355304549504,3
0.09747793974879308,0.8458942632170978,0.18917114612097408,3
0.06253781959323554,0.8458942632170978,0.18996046975006886,3
0.0883258338218855,0.8458942632170978,0.18984770923162672,3
0.0802765048192294,0.8458942632170978,0.1892839066394162,3
0.06586500125358404,0.8458942632170978,0.20975506621477033,3
0.06558223793967338,0.8458942632170978,0.18995021879384683,3
0.08776973263786125,0.8458942632170978,0.1894376709827463,3
0.09526296045649309,0.8458942632170978,0.18909938942742002,3
0.09551744743901268,0.8458942632170978,0.1937840764208786,3
0.09635631193694755,0.8458942632170978,0.18954018054496646,3
0.06282058290714618,0.8458942632170978,0.1894889257638564,3
0.08167147050118853,0.8458942632170978,0.19348679869044036,3
0.07808037641452348,0.8458942632170978,0.18901738177764393,3
0.06836274385979464,0.8458942632170978,0.19010398313717702,3
0.08499865216153703,0.8458942632170978,0.18925315377075017,3
0.0727927024443946,0.8458942632170978,0.1936713159024365,3
0.06864550717370527,0.8458942632170978,0.19170313230781058,3
0.06199114385300832,0.8458942632170978,0.18924290281452819,3
0.06143504266898407,0.8458942632170978,0.19342529295310829,3
0.06586500125358404,0.8458942632170978,0.18965294106340855,3
0.08692144269612935,0.8458942632170978,0.19276923175489963,3
0.09054081311418549,0.8458942632170978,0.21493179910688542,3
0.09219026577866418,0.8458942632170978,0.19012448504962104,3
0.05974788822931727,0.8458942632170978,0.189078887514976,3
0.06169895509530067,0.8458942632170978,0.18905838560253194,3
0.06252839414943853,0.8458942632170978,0.21641818775907692,3
0.06003065154322791,0.8458942632170978,0.18923265185830615,3
0.06917333202633845,0.8458942632170978,0.19240019733090724,3
0.09690298767717478,0.8458942632170978,0.1927077260175676,3
0.06364059651748703,0.8458942632170978,0.18899687986519992,3
0.07389547936864607,0.8458942632170978,0.19513720264218395,3
0.06557281249587638,0.8458942632170978,0.19962712146742437,3
0.07445158055267033,0.8458942632170978,0.1937738254646566,3
0.07001219652427335,0.8458942632170978,0.18903788369008792,3
0.08498922671774,0.8458942632170978,0.19026799843672915,3
0.07555435747692181,0.8458942632170978,0.19476816821819162,3
0.0642061231453083,0.8458942632170978,0.18931465950808224,3
0.08804307050797487,0.8458942632170978,0.1981202309027889,3
0.0669677781778355,0.8458942632170978,0.1894889257638564,3
0.08054984268934304,0.8458942632170978,0.19047301756116938,3
0.07807095097072647,0.8458942632170978,0.18973494871318464,3
0.06280173201955214,0.8458942632170978,0.189119891339864,3
0.06307506988966574,0.8458942632170978,0.19129309405893016,3
0.05946512491540665,0.8458942632170978,0.19968862720475644,3
0.08969252317245358,0.8458942632170978,0.19005272835606693,3
0.09384914388693992,0.8458942632170978,0.20053945657118324,3
0.0688811432686308,0.8458942632170978,0.19008348122473295,3
0.07971097819140814,0.8458942632170978,0.20321495614512788,3
0.09164359003843696,0.8458942632170978,0.19518845742329397,3
0.09496134625498841,0.8458942632170978,0.189119891339864,3
0.09164359003843696,0.8458942632170978,0.18960168628229848,3
0.08941918530233996,0.8458942632170978,0.1892839066394162,3
0.08913642198842933,0.8458942632170978,0.1923386915935752,3
0.07943764032129454,0.8458942632170978,0.1914366074460383,3
0.08663867938221871,0.8458942632170978,0.19433762805686716,3
0.08497980127394299,0.8458942632170978,0.19966812529231237,3
0.07722266102899455,0.8458942632170978,0.18984770923162672,3
0.07139773676243547,0.8458942632170978,0.21792507832371236,3
0.07833486339704306,0.8458942632170978,0.18915064420853006,3
0.062236205391730866,0.8458942632170978,0.19251295784934938,3
0.06862665628611124,0.8458942632170978,0.18960168628229848,3
0.09801519004522327,0.8458942632170978,0.19160062274559048,3
0.08442370008991873,0.8458942632170978,0.19155961892070242,3
0.07554493203312479,0.8458942632170978,0.1891813970771961,3
0.06363117107369001,0.8458942632170978,0.19916582843743394,3
0.08997528648636423,0.8458942632170978,0.19344579486555227,3
0.08526256458785361,0.8458942632170978,0.19089330676627175,3
0.07027610895058994,0.8458942632170978,0.19000147357495686,3
0.08331149772187024,0.8458942632170978,0.1892634047269722,3
0.0988257782117671,0.8458942632170978,0.19313826617889202,3
0.09413190720085055,0.8458942632170978,0.1892839066394162,3
0.060860090597365774,0.8458942632170978,0.20610572579973477,3
0.09301970483280206,0.8458942632170978,0.1896939448882966,3
0.0813792817434809,0.8458942632170978,0.2049986225277577,3
0.08885365867451869,0.8458942632170978,0.19472716439330354,3
0.08803364506417785,0.8458942632170978,0.19501419116751986,3
0.08969252317245358,0.8458942632170978,0.22366561380803804,3
0.07776933676922178,0.8458942632170978,0.19303575661667186,3
0.06446061012782787,0.8458942632170978,0.19713613910547592,3
0.0821804444662277,0.8458942632170978,0.1909240596349378,3
0.07219889948518225,0.8458942632170978,0.18941716907030234,3
0.0769304722712869,0.8458942632170978,0.19982188963564257,3
0.06971058232276867,0.8458942632170978,0.19726940153636205,3
0.09827910247153987,0.8458942632170978,0.20979607003965833,3
0.08634649062451105,0.8458942632170978,0.18915064420853006,3
0.06861723084231422,0.8458942632170978,0.189078887514976,3
0.07387662848105203,0.8458942632170978,0.19016548887450904,3
0.06112400302368237,0.8458942632170978,0.18931465950808224,3
0.09163416459463995,0.8458942632170978,0.19307676044155994,3
0.09329304270291568,0.8458942632170978,0.19305625852911593,3
0.06915448113874442,0.8458942632170978,0.1906165309482775,3
0.09163416459463995,0.8458942632170978,0.20148254454360823,3
0.07443272966507629,0.8458942632170978,0.1924514521120173,3
0.06887171782483378,0.8458942632170978,0.19322027382866805,3
0.07219889948518225,0.8458942632170978,0.19015523791828706,3
0.07553550658932776,0.8458942632170978,0.19176463804514263,3
0.08662925393842169,0.8458942632170978,0.1967773556377056,3
0.07415939179496267,0.8458942632170978,0.19015523791828706,3
0.0797015527476111,0.8458942632170978,0.18913014229608605,3
0.07194441250266269,0.8458942632170978,0.224659956561573,3
0.09273694151889142,0.8458942632170978,0.19049351947361337,3
0.0699933456366793,0.8458942632170978,0.189078887514976,3
0.08968309772865656,0.8458942632170978,0.19012448504962104,3
0.06501671131185212,0.8458942632170978,0.1935585553839944,3
0.06501671131185212,0.8458942632170978,0.1893966671578583,3
0.06418727225771426,0.8458942632170978,0.1922464329875771,3
0.07665713440117328,0.8458942632170978,0.1943683809255332,3
0.09191692790855058,0.8458942632170978,0.18917114612097408,3
0.08525313914405659,0.8458942632170978,0.19010398313717702,3
0.08136985629968387,0.8458942632170978,0.1892839066394162,3
0.08634649062451105,0.8458942632170978,0.19293324705445178,3
0.09881635276797007,0.8458942632170978,0.19876604114477553,3
0.06418727225771426,0.8458942632170978,0.1907702952916077,3
0.08968309772865656,0.8458942632170978,0.18961193723852052,3
0.061406766337593004,0.8458942632170978,0.18902763273386597,3
0.06112400302368237,0.8458942632170978,0.1940711031950949,3
0.08802421962038083,0.8458942632170978,0.19291274514200776,3
0.07194441250266269,0.8458942632170978,0.21210253518961064,3
0.08136985629968387,0.8458942632170978,0.18903788369008792,3
0.06334840775977937,0.8458942632170978,0.19065753477316555,3
0.05945569947160963,0.8458942632170978,0.19521921029196004,3
0.06196286752161726,0.8458942632170978,0.18946842385141235,3
0.06529947462576276,0.8458942632170978,0.18996046975006886,3
0.0910780634106157,0.8458942632170978,0.19283073749223167,3
0.09080472554050209,0.8458942632170978,0.1899809716625129,3
0.062255056279324913,0.8458942632170978,0.19015523791828706,3
0.06918275747013548,0.8458942632170978,0.18902763273386597,3
0.07222717581657333,0.8458942632170978,0.18972469775696266,3
0.07002162196807037,0.8458942632170978,0.189078887514976,3
0.0642155485891053,0.8458942632170978,0.19048326851739134,3
0.08499865216153703,0.8458942632170978,0.1896939448882966,3
0.08444255097751277,0.8458942632170978,0.19014498696206505,3
0.06086951604116281,0.8458942632170978,0.18910964038364206,3
0.07972040363520518,0.8458942632170978,0.191108576846934,3
0.0741782426825567,0.8458942632170978,0.19144685840226028,3
0.08636534151210509,0.8458942632170978,0.19608029061460888,3
0.06889056871242782,0.8458942632170978,0.19139560362115027,3
0.06198171840921129,0.8458942632170978,0.1926564712364575,3
0.060860090597365774,0.8458942632170978,0.20095974577628567,3
0.06501671131185212,0.8458942632170978,0.1893966671578583,3
0.06501671131185212,0.8458942632170978,0.20817641895658076,3
0.08025765393163538,0.8458942632170978,0.20450657662910118,3
0.06418727225771426,0.8458942632170978,0.18903788369008792,3
0.06751445391806273,0.8458942632170978,0.19596753009616677,3
0.06196286752161726,0.8458942632170978,0.19208241768802495,3
0.06306564444586873,0.8458942632170978,0.20409653838022077,3
0.06529947462576276,0.8458942632170978,0.20085723621406557,3
0.0758182699032384,0.8458942632170978,0.19074979337916362,3
0.07138831131863844,0.8458942632170978,0.18913014229608605,3
0.09716690010349138,0.8458942632170978,0.18900713082142193,3
0.0642061231453083,1.2688413948256467,0.21432699268978683,4
0.061680104207706615,1.3745781777277841,0.20189258279248856,4
0.06529947462576276,1.3745781777277841,0.20266140450913936,4
0.0688811432686308,1.3745781777277841,0.2214104034391958,4
0.05972903734172324,1.5860517435320585,0.21489079528199737,4
0.060313414857138536,1.2688413948256467,0.19853026915166933,4
0.0647433734417385,1.4803149606299213,0.1996578743360904,4
0.0630939207772598,1.2688413948256467,0.21888866820858136,4
0.061152279355073426,1.2688413948256467,0.21100568287385554,4
0.07057772315209461,1.2688413948256467,0.193107513310226,4
0.060011800655633864,1.2688413948256467,0.19621355304549504,4
0.05973846278552026,1.2688413948256467,0.19980138772319853,4
0.06002122609943089,1.3745781777277841,0.20087773812650958,4
0.061406766337593004,1.2688413948256467,0.19586502053394667,4
0.059483975803000674,1.2688413948256467,0.2025281420782532,4
0.07111497344852483,1.3745781777277841,0.20829943043124488,4
0.06143504266898407,1.3745781777277841,0.2036659982188963,4
0.06477164977312957,1.2688413948256467,0.21574162464842422,4
0.06418727225771426,1.2688413948256467,0.21045213123786702,4
0.06056790183965812,1.2688413948256467,0.2505948758032585,4
0.06056790183965812,1.5860517435320585,0.21126195677940582,4
0.06502613675564914,1.3745781777277841,0.22210746846229248,4
0.060011800655633864,1.2688413948256467,0.24150227763433552,4
0.06364059651748703,1.2688413948256467,0.2527475766098806,4
0.06028513852574749,1.2688413948256467,0.22101061614653741,4
0.06169895509530067,1.3745781777277841,0.22072358937232112,4
0.06253781959323554,1.2688413948256467,0.21901167968324545,4
0.06558223793967338,1.3745781777277841,0.2009699967325077,4
0.06029456396954451,1.2688413948256467,0.23469564270292087,4
0.05946512491540665,1.4803149606299213,0.23601801605556016,4
0.05946512491540665,1.2688413948256467,0.2371763741086473,4
0.06584615036598998,1.2688413948256467,0.20695655516616157,4
0.05945569947160963,1.4803149606299213,0.2085762062492392,4
0.06143504266898407,1.2688413948256467,0.23857050415484068,4
0.06279230657575513,1.5860517435320585,0.22883209574393107,4
0.05947455035920367,1.3745781777277841,0.19797671751568074,4
0.060313414857138536,1.2688413948256467,0.218570888565699,4
0.07139773676243547,1.2688413948256467,0.203307214751126,4
0.06087894148495982,1.2688413948256467,0.19343554390933024,4
0.06002122609943089,1.3745781777277841,0.19743341683591423,4
0.06667558942012784,1.2688413948256467,0.19785370604101662,4
0.06196286752161726,1.3745781777277841,0.22746871856640374,4
0.06114285391127642,1.3745781777277841,0.23946233734615555,4
0.06476222432933255,1.2688413948256467,0.21911418924546555,4
0.061152279355073426,1.2688413948256467,0.19810997994656687,4
0.05972903734172324,1.2688413948256467,0.20770487497036833,4
0.05945569947160963,1.2688413948256467,0.2068745475163855,4
0.06281115746334917,1.4803149606299213,0.21960623514412203,4
0.06392335983139766,1.2688413948256467,0.20764336923303622,4
0.05947455035920367,1.2688413948256467,0.2738747973834434,4
0.06418727225771426,1.2688413948256467,0.20680279082283146,4
0.06028513852574749,1.2688413948256467,0.20184132801137852,4
0.06391393438760064,1.2688413948256467,0.20032418649052106,4
0.05946512491540665,1.5860517435320585,0.20999083820787656,4
0.060011800655633864,1.2688413948256467,0.20783813740125445,4
0.05945569947160963,1.2688413948256467,0.193148517135114,4
0.07027610895058994,1.2688413948256467,0.2956273264865488,4
0.05946512491540665,1.2688413948256467,0.2078073845325884,4
0.06003065154322791,1.2688413948256467,0.2636033392489893,4
0.06029456396954451,1.4803149606299213,0.24678152008867074,4
0.061406766337593004,1.2688413948256467,0.1948809287366337,4
0.06334840775977937,1.2688413948256467,0.1967261008565955,4
0.06002122609943089,1.4803149606299213,0.19756667926680038,4
0.05947455035920367,1.2688413948256467,0.23014421814034838,4
0.06196286752161726,1.2688413948256467,0.2021796095667049,4
0.06280173201955214,1.2688413948256467,0.21397846017823846,4
0.06418727225771426,1.2688413948256467,0.19472716439330354,4
0.06086951604116281,1.3745781777277841,0.19707463336814388,4
0.06501671131185212,1.2688413948256467,0.2204263116418828,4
0.05972903734172324,1.2688413948256467,0.20126727446294598,4
0.060011800655633864,1.2688413948256467,0.20390177021200256,4
0.05946512491540665,1.3745781777277841,0.2050498773088677,4
0.061689529651503636,1.3745781777277841,0.21028811593831484,4
0.060011800655633864,1.4803149606299213,0.2111389453047417,4
0.06418727225771426,1.2688413948256467,0.2245471960431309,4
0.06862665628611124,1.2688413948256467,0.20091874195139767,4
0.06279230657575513,1.2688413948256467,0.19966812529231237,4
0.06222677994793386,1.3745781777277841,0.20931427509722392,4
0.06112400302368237,1.3745781777277841,0.2041375422051088,4
0.060011800655633864,1.2688413948256467,0.20391202116822457,4
0.062236205391730866,1.3745781777277841,0.23398832672360217,4
0.06280173201955214,1.2688413948256467,0.19567025236572846,4
0.05973846278552026,1.2688413948256467,0.19259496549912547,4
0.06418727225771426,1.2688413948256467,0.22138990152675175,4
0.0644700355716249,1.2688413948256467,0.21749453816238792,4
0.06751445391806273,1.4803149606299213,0.20409653838022077,4
0.06391393438760064,1.4803149606299213,0.20492686583420358,4
